*** Imagehandler rdy ***
total nr of images: 40
image0: 8449977336_11019dc8aa.jpg
image24: 4407657554_98e2aa6767.jpg
image39: 8593684808_ce6313059b.jpg
Init T:
 0  1  0  0  0  0  0  0  0 -1
 1  0  0  0  0  0  1  0  0  0
 0  0  0  0  1  0  0  0  0  0
 0  0  0  0  0  0  0  0  0  1
 0  0  1  0  0  0  1  0  0  0
 0  0  0  0  0  0  1  0  1 -1
 0  1  0  0  1  1  0  0  0  0
 0  0  0  0  0  0  0  0  0  0
 0  0  0  0  0  1  0  0  0  0
-1  0  0  1  0 -1  0  0  0  0
F_0:
           0     0.298683     0.110341    -0.238095     0.176545     0.176545     0.275953 -2.98023e-08     0.110341    -0.447383
    0.298683            0     0.176545  -2.2362e-07     0.254887     0.254887     0.375821   1.8708e-09     0.176545    -0.154026
    0.110341     0.176545            0  -5.4735e-08     0.298683     0.176545     0.275952 -1.42218e-08     0.110341    -0.105325
   -0.238095  -2.2362e-07  -5.4735e-08            0 -1.42823e-07    -0.238095 -2.82476e-07            0 -5.70579e-08     0.523809
    0.176545     0.254887     0.298683 -1.42823e-07            0     0.254887     0.375821  -5.5921e-09     0.176545    -0.115858
    0.176545     0.254887     0.176545    -0.238095     0.254887            0     0.375821 -2.98023e-08     0.298683    -0.419747
    0.275953     0.375821     0.275952 -2.82476e-07     0.375821     0.375821            0 -3.40356e-08     0.275952    -0.137977
-2.98023e-08   1.8708e-09 -1.42218e-08            0  -5.5921e-09 -2.98023e-08 -3.40356e-08            0  -1.1657e-08  5.96047e-08
    0.110341     0.176545     0.110341 -5.70579e-08     0.176545     0.298683     0.275952  -1.1657e-08            0    -0.143493
   -0.447383    -0.154026    -0.105325     0.523809    -0.115858    -0.419747    -0.137977  5.96047e-08    -0.143493            0
T_0:
 0  1  0  0  0  0  0  0  0 -1
 1  0  0  0  0  0  1  0  0  0
 0  0  0  0  1  0  0  0  0  0
 0  0  0  0  0  0  0  0  0  1
 0  0  1  0  0  0  1  0  0  0
 0  0  0  0  0  0  1  0  1 -1
 0  1  0  0  1  1  0  0  0  0
 0  0  0  0  0  0  0  0  0  0
 0  0  0  0  0  1  0  0  0  0
-1  0  0  1  0 -1  0  0  0  0
F_1:
           0     0.298683     0.110341    -0.238095     0.176545     0.176545     0.275953 -2.98023e-08     0.110341    -0.447383
    0.298683            0     0.176545  -2.2362e-07     0.254887     0.254887     0.375821   1.8708e-09     0.176545    -0.154026
    0.110341     0.176545            0  -5.4735e-08     0.298683     0.176545     0.275952 -1.42218e-08     0.110341    -0.105325
   -0.238095  -2.2362e-07  -5.4735e-08            0 -1.42823e-07    -0.238095 -2.82476e-07            0 -5.70579e-08     0.523809
    0.176545     0.254887     0.298683 -1.42823e-07            0     0.254887     0.375821  -5.5921e-09     0.176545    -0.115858
    0.176545     0.254887     0.176545    -0.238095     0.254887            0     0.375821 -2.98023e-08     0.298683    -0.419747
    0.275953     0.375821     0.275952 -2.82476e-07     0.375821     0.375821            0 -3.40356e-08     0.275952    -0.137977
-2.98023e-08   1.8708e-09 -1.42218e-08            0  -5.5921e-09 -2.98023e-08 -3.40356e-08            0  -1.1657e-08  5.96047e-08
    0.110341     0.176545     0.110341 -5.70579e-08     0.176545     0.298683     0.275952  -1.1657e-08            0    -0.143493
   -0.447383    -0.154026    -0.105325     0.523809    -0.115858    -0.419747    -0.137977  5.96047e-08    -0.143493            0
T_1:
 0  1  1  0  1  1  1  0  1 -1
 1  0  1  0  1  1  1  0  1  0
 1  1  0  0  1  1  1  0  1  0
 0  0  0  0  0  0  0  0  0  1
 1  1  1  0  0  1  1  0  1  0
 1  1  1  0  1  0  1  0  1 -1
 1  1  1  0  1  1  0  0  1  0
 0  0  0  0  0  0  0  0  0  0
 1  1  1  0  1  1  1  0  0  0
-1  0  0  1  0 -1  0  0  0  0
F_2:
           0     0.859152     0.859153    -0.238096     0.859153     0.859153     0.859153  5.96046e-08     0.859153    -0.409793
    0.859152            0     0.859152 -9.82279e-07     0.859152     0.859152     0.859152  6.13649e-08     0.859152    -0.140846
    0.859153     0.859152            0 -1.00253e-06     0.859152     0.859152     0.859152  5.34886e-08     0.859153    -0.140846
   -0.238096 -9.82279e-07 -1.00253e-06            0 -1.00654e-06    -0.238096 -9.62154e-07 -2.98023e-08 -9.36562e-07      0.52381
    0.859153     0.859152     0.859152 -1.00654e-06            0     0.859153     0.859153  5.34886e-08     0.859153    -0.140846
    0.859153     0.859152     0.859152    -0.238096     0.859153            0     0.859152  5.96046e-08     0.859153    -0.409793
    0.859153     0.859152     0.859152 -9.62154e-07     0.859153     0.859152            0  6.92413e-08     0.859153    -0.140846
 5.96046e-08  6.13649e-08  5.34886e-08 -2.98023e-08  5.34886e-08  5.96046e-08  6.92413e-08            0  7.71176e-08 -2.98023e-08
    0.859153     0.859152     0.859153 -9.36562e-07     0.859153     0.859153     0.859153  7.71176e-08            0    -0.140846
   -0.409793    -0.140846    -0.140846      0.52381    -0.140846    -0.409793    -0.140846 -2.98023e-08    -0.140846            0
T_2:
 0  1  1  0  1  1  1  0  1 -1
 1  0  1  0  1  1  1  0  1  0
 1  1  0  0  1  1  1  0  1  0
 0  0  0  0  0  0  0  0  0  1
 1  1  1  0  0  1  1  0  1  0
 1  1  1  0  1  0  1  0  1 -1
 1  1  1  0  1  1  0  0  1  0
 0  0  0  0  0  0  0  0  0  0
 1  1  1  0  1  1  1  0  0  0
-1  0  0  1  0 -1  0  0  0  0
F_3:
           0     0.859152     0.859153    -0.238096     0.859153     0.859153     0.859153  5.96046e-08     0.859153    -0.409793
    0.859152            0     0.859152 -9.82279e-07     0.859152     0.859152     0.859152  6.13649e-08     0.859152    -0.140846
    0.859153     0.859152            0 -1.00253e-06     0.859152     0.859152     0.859152  5.34886e-08     0.859153    -0.140846
   -0.238096 -9.82279e-07 -1.00253e-06            0 -1.00654e-06    -0.238096 -9.62154e-07 -2.98023e-08 -9.36562e-07      0.52381
    0.859153     0.859152     0.859152 -1.00654e-06            0     0.859153     0.859153  5.34886e-08     0.859153    -0.140846
    0.859153     0.859152     0.859152    -0.238096     0.859153            0     0.859152  5.96046e-08     0.859153    -0.409793
    0.859153     0.859152     0.859152 -9.62154e-07     0.859153     0.859152            0  6.92413e-08     0.859153    -0.140846
 5.96046e-08  6.13649e-08  5.34886e-08 -2.98023e-08  5.34886e-08  5.96046e-08  6.92413e-08            0  7.71176e-08 -2.98023e-08
    0.859153     0.859152     0.859153 -9.36562e-07     0.859153     0.859153     0.859153  7.71176e-08            0    -0.140846
   -0.409793    -0.140846    -0.140846      0.52381    -0.140846    -0.409793    -0.140846 -2.98023e-08    -0.140846            0
T_3:
 0  1  1  0  1  1  1  0  1 -1
 1  0  1  0  1  1  1  0  1  0
 1  1  0  0  1  1  1  0  1  0
 0  0  0  0  0  0  0  0  0  1
 1  1  1  0  0  1  1  0  1  0
 1  1  1  0  1  0  1  0  1 -1
 1  1  1  0  1  1  0  0  1  0
 0  0  0  0  0  0  0  0  0  0
 1  1  1  0  1  1  1  0  0  0
-1  0  0  1  0 -1  0  0  0  0
F_4:
           0     0.859152     0.859153    -0.238096     0.859153     0.859153     0.859153  5.96046e-08     0.859153    -0.409793
    0.859152            0     0.859152 -9.82279e-07     0.859152     0.859152     0.859152  6.13649e-08     0.859152    -0.140846
    0.859153     0.859152            0 -1.00253e-06     0.859152     0.859152     0.859152  5.34886e-08     0.859153    -0.140846
   -0.238096 -9.82279e-07 -1.00253e-06            0 -1.00654e-06    -0.238096 -9.62154e-07 -2.98023e-08 -9.36562e-07      0.52381
    0.859153     0.859152     0.859152 -1.00654e-06            0     0.859153     0.859153  5.34886e-08     0.859153    -0.140846
    0.859153     0.859152     0.859152    -0.238096     0.859153            0     0.859152  5.96046e-08     0.859153    -0.409793
    0.859153     0.859152     0.859152 -9.62154e-07     0.859153     0.859152            0  6.92413e-08     0.859153    -0.140846
 5.96046e-08  6.13649e-08  5.34886e-08 -2.98023e-08  5.34886e-08  5.96046e-08  6.92413e-08            0  7.71176e-08 -2.98023e-08
    0.859153     0.859152     0.859153 -9.36562e-07     0.859153     0.859153     0.859153  7.71176e-08            0    -0.140846
   -0.409793    -0.140846    -0.140846      0.52381    -0.140846    -0.409793    -0.140846 -2.98023e-08    -0.140846            0
T_4:
 0  1  1  0  1  1  1  0  1 -1
 1  0  1  0  1  1  1  0  1  0
 1  1  0  0  1  1  1  0  1  0
 0  0  0  0  0  0  0  0  0  1
 1  1  1  0  0  1  1  0  1  0
 1  1  1  0  1  0  1  0  1 -1
 1  1  1  0  1  1  0  0  1  0
 0  0  0  0  0  0  0  0  0  0
 1  1  1  0  1  1  1  0  0  0
-1  0  0  1  0 -1  0  0  0  0
